RESULT: 56.228652
RESULT: 0.000000
